0000000000000000000000000000
0000000001111111111111110000
0000000001000000000000010000
0000000001011111111111010000
0000000001010000000001010000
0000000001010111111101010000
0000000001010100000101010000
0000000001010101110101010000
0000000001010101000101010000
0000000001010101110101010000
0000000001010100000001010000
0000000001010111111101010000
0000000001010000000101010000
0000000001011111110101010000
0000000001000000000101010000
0000000001111111100101010000
0000000000000000100101010000
0000000001111111100101010000
0000000001000000000101010000
0000000001011111110101010000
0000000001010000000101010000
0000000001010111111101010000
0000000001010100000001010000
0000000001011111111111010000
0000000001000000000000010000
0000000001111111111111110000
0000000000000000000000000000
0000000000000000000000000000
