0000000000000000000000000000
0000000000000000000000000000
0000000000000011111100000000
0000000000001111111111000000
0000000000011111111111100000
0000000000111111111111110000
0000000001111111111111111000
0000000011111111111111111100
0000000111111111111111111110
0000001111111111111111111111
0000011111111111111111111111
0000011111111111111111111111
0000111111111111111111111111
0000111111111111111111111111
0000011111111111111111111111
0000011111111111111111111111
0000001111111111111111111111
0000000111111111111111111110
0000000011111111111111111100
0000000001111111111111111000
0000000000111111111111110000
0000000000011111111111100000
0000000000001111111111000000
0000000000000011111100000000
0000000000000000000000000000
0000000000000000000000000000
0000000000000000000000000000
0000000000000000000000000000
